0     1.0  0.435231  0.688109  0.407815  0.736899
1     2.0  0.416225  0.723278  0.405751  0.743248
2     3.0  0.411099  0.734380  0.405880  0.746758
3     4.0  0.407728  0.740985  0.401974  0.752463
4     5.0  0.405490  0.745299  0.399769  0.755343
5     6.0  0.403999  0.748298  0.398358  0.758738
6     7.0  0.401998  0.752346  0.398657  0.762879
7     8.0  0.398342  0.759761  0.393671  0.767990
8     9.0  0.394049  0.768130  0.391411  0.771344
9    10.0  0.389891  0.775453  0.390703  0.772858
10   11.0  0.385667  0.782579  0.389328  0.775096
11   12.0  0.381205  0.789969  0.388590  0.776402
12   13.0  0.376510  0.797158  0.388127  0.777268
13   14.0  0.371883  0.804216  0.388590  0.776559
14   15.0  0.368547  0.809042  0.388249  0.776688
15   16.0  0.366254  0.812151  0.389178  0.775594
16   17.0  0.365093  0.813778  0.388566  0.776451
17   18.0  0.364080  0.815274  0.389024  0.775860
18   19.0  0.363517  0.816078  0.389064  0.775836
19   20.0  0.362884  0.816834  0.389456  0.775746
20   21.0  0.362471  0.817461  0.389133  0.775468
21   22.0  0.362228  0.817826  0.389403  0.775141
22   23.0  0.361757  0.818480  0.390244  0.774905
23   24.0  0.361296  0.819112  0.389597  0.775298
24   25.0  0.360801  0.819732  0.389968  0.774762
25   26.0  0.360431  0.820157  0.389293  0.775243
26   27.0  0.360030  0.820700  0.389241  0.775428
27   28.0  0.359761  0.821208  0.389611  0.774994
28   29.0  0.359425  0.821710  0.389479  0.775596
29   30.0  0.359200  0.821886  0.389460  0.775085
30   31.0  0.359207  0.821859  0.389550  0.774684
31   32.0  0.359847  0.821028  0.389976  0.774247
32   33.0  0.359521  0.821389  0.389627  0.774821
33   34.0  0.359477  0.821407  0.390080  0.773947
34   35.0  0.359247  0.821724  0.389411  0.775079
35   36.0  0.359321  0.821660  0.389537  0.774487
36   37.0  0.359110  0.821972  0.389588  0.774726
37   38.0  0.358856  0.822308  0.390383  0.773383
38   39.0  0.358627  0.822650  0.390107  0.774171
39   40.0  0.358481  0.822801  0.391323  0.773273
40   41.0  0.358432  0.822798  0.391224  0.772202
41   42.0  0.358487  0.822784  0.390782  0.772757
42   43.0  0.358418  0.822929  0.391115  0.772284
43   44.0  0.358573  0.822756  0.390871  0.772175
44   45.0  0.358319  0.823022  0.391098  0.772177
45   46.0  0.358400  0.822976  0.392099  0.771547
46   47.0  0.358211  0.823130  0.391814  0.771056
47   48.0  0.358235  0.823159  0.391938  0.771120
48   49.0  0.358167  0.823241  0.392048  0.770721
49   50.0  0.358148  0.823372  0.392458  0.769796

SACSN
0.3862
0.7780

PNN
0.3941
0.7573

BST
0.3871
0.7763

DeepFFMS
0.3839
0.7816

DeepFM
0.3899
0.7729
